[gd_scene load_steps=6 format=3 uid="uid://c3l5l65lpalsg"]

[ext_resource type="PackedScene" uid="uid://nqsvpqklgboq" path="res://scene/World.tscn" id="1_2gjao"]
[ext_resource type="Script" path="res://scene/Table.gd" id="1_gdwgw"]
[ext_resource type="PackedScene" uid="uid://ct1321m5lrt71" path="res://scene/Screen.tscn" id="3_i43qv"]

[sub_resource type="StyleBoxEmpty" id="StyleBoxEmpty_upfl1"]

[sub_resource type="StyleBoxEmpty" id="StyleBoxEmpty_qr45r"]

[node name="Table" type="Node3D"]
script = ExtResource("1_gdwgw")

[node name="MarginContainer" type="MarginContainer" parent="."]
anchors_preset = 15
anchor_right = 1.0
anchor_bottom = 1.0
grow_horizontal = 2
grow_vertical = 2
theme_override_constants/margin_left = 40
theme_override_constants/margin_top = 40
theme_override_constants/margin_right = 64
theme_override_constants/margin_bottom = 80

[node name="VBoxContainer" type="VBoxContainer" parent="MarginContainer"]
layout_mode = 2

[node name="Button" type="Button" parent="MarginContainer/VBoxContainer"]
layout_mode = 2
size_flags_horizontal = 0
theme_override_colors/font_color = Color(1, 1, 1, 1)
theme_override_colors/font_hover_color = Color(1, 0, 0, 1)
theme_override_font_sizes/font_size = 30
theme_override_styles/normal = SubResource("StyleBoxEmpty_upfl1")
theme_override_styles/hover = SubResource("StyleBoxEmpty_qr45r")
text = "< Back"

[node name="World" parent="." instance=ExtResource("1_2gjao")]

[node name="Screen" parent="." instance=ExtResource("3_i43qv")]
transform = Transform3D(1, 0, 0, 0, 1, 0, 0, 0, 1, -2.06055, 1.18085, 5.53008)

[node name="CameraTable1" type="Camera3D" parent="."]
transform = Transform3D(-700, 0, -0.000105697, 0, 700, 0, 0.000105697, 0, -700, -1.76355, 0.619904, 1.09669)
fov = 39.6587

[node name="CameraTable2" type="Camera3D" parent="."]
transform = Transform3D(-0.988559, -0.00334206, -0.150798, 0.00109773, 0.999569, -0.0293491, 0.150831, -0.0291789, -0.988129, -2.47482, 0.619904, 1.07712)
fov = 53.4375

[node name="CameraTable3" type="Camera3D" parent="."]
transform = Transform3D(-0.951583, -0.00797755, -0.307289, 0.00109773, 0.999569, -0.0293492, 0.307391, -0.0282655, -0.951163, -3.23074, 0.657868, 1.07712)
fov = 57.0257

[node name="CameraTable4" type="Camera3D" parent="."]
transform = Transform3D(-0.903633, -0.0115789, -0.428151, 0.00109773, 0.999569, -0.0293492, 0.428306, -0.0269909, -0.903231, -3.78774, 0.714997, 1.07712)
fov = 98.4375

[node name="CameraTable5" type="Camera3D" parent="."]
transform = Transform3D(-0.889128, -0.0124563, -0.45749, 0.00109773, 0.999569, -0.0293492, 0.457658, -0.0265974, -0.88873, -4.60334, 0.695832, 1.07712)
fov = 71.2418

[node name="CameraTable6" type="Camera3D" parent="."]
transform = Transform3D(-0.828489, -0.0155266, -0.55979, 0.00109773, 0.999569, -0.0293492, 0.560004, -0.02493, -0.828115, -5.29878, 0.695832, 1.07712)
fov = 59.9958

[node name="CameraTable7" type="Camera3D" parent="."]
transform = Transform3D(-0.632555, -0.0220373, -0.774202, 0.00109773, 0.999569, -0.0293492, 0.774515, -0.0194148, -0.632258, -4.27036, 0.81955, 2.003)
fov = 39.6587

[node name="CameraTable8" type="Camera3D" parent="."]
transform = Transform3D(-0.610628, -0.0225721, -0.791596, 0.00109773, 0.999569, -0.0293492, 0.791917, -0.0187904, -0.610339, -4.27036, 0.81955, 3.0085)
fov = 39.6587

[node name="CameraTable9" type="Camera3D" parent="."]
transform = Transform3D(-0.635161, -0.0219718, -0.772068, 0.00109773, 0.999569, -0.0293492, 0.772379, -0.019489, -0.634862, -4.27036, 0.81955, 3.47953)
fov = 39.6587

[node name="CameraTable10" type="Camera3D" parent="."]
transform = Transform3D(-0.314737, -0.0275123, -0.94878, 0.00109773, 0.999569, -0.0293492, 0.949178, -0.0102788, -0.314571, -4.27036, 0.81955, 4.31652)
fov = 39.6587

[node name="CameraTable11" type="Camera3D" parent="."]
transform = Transform3D(-0.314737, -0.0275123, -0.94878, 0.00109773, 0.999569, -0.0293492, 0.949178, -0.0102788, -0.314571, -4.27036, 0.81955, 5.06991)
fov = 39.6587

[node name="CameraTable12" type="Camera3D" parent="."]
transform = Transform3D(-0.101159, -0.0290877, -0.994445, 0.00109773, 0.999569, -0.0293492, 0.99487, -0.00406057, -0.101083, -3.00717, 0.990692, 4.98974)
fov = 74.7647

[node name="CameraTable13" type="Camera3D" parent="."]
transform = Transform3D(-0.50677, -0.0247453, -0.861726, 0.00109773, 0.999569, -0.0293492, 0.862081, -0.0158192, -0.506524, -3.00717, 0.685272, 4.25371)
fov = 74.7647

[node name="CameraTable14" type="Camera3D" parent="."]
transform = Transform3D(-0.717067, -0.0196697, -0.696726, 0.00109773, 0.999569, -0.0293492, 0.697003, -0.0218102, -0.716736, -3.00717, 0.599457, 3.55747)
fov = 74.7647

[node name="CameraTable15" type="Camera3D" parent="."]
transform = Transform3D(-0.873142, -0.0133486, -0.487283, 0.00109773, 0.999569, -0.0293492, 0.487465, -0.0261609, -0.872751, -3.00717, 0.672821, 2.86122)
fov = 66.4034

[node name="CameraTable16" type="Camera3D" parent="."]
transform = Transform3D(-0.873142, -0.0133486, -0.487283, 0.00109773, 0.999569, -0.0293492, 0.487465, -0.0261609, -0.872751, -3.00717, 0.888763, 2.11081)
fov = 60.1463

[node name="CameraTable17" type="Camera3D" parent="."]
transform = Transform3D(-0.980194, -0.00473665, -0.197981, 0.00109773, 0.999569, -0.0293492, 0.198035, -0.0289852, -0.979766, -2.17187, 0.692963, 3.24788)
fov = 65.3329

[node name="CameraTable18" type="Camera3D" parent="."]
transform = Transform3D(-0.947405, -0.00835325, -0.319928, 0.00109773, 0.999569, -0.0293492, 0.320035, -0.0281568, -0.946987, -2.25765, 0.692963, 4.31234)
fov = 106.084

[node name="CameraTable19" type="Camera3D" parent="."]
transform = Transform3D(-0.982054, 0.00661274, 0.188484, 0.00109773, 0.999569, -0.0293492, -0.188597, -0.0286156, -0.981638, -1.26741, 0.692963, 4.31234)
fov = 106.084

[node name="CameraTable20" type="Camera3D" parent="."]
transform = Transform3D(-0.982054, 0.00661274, 0.188484, 0.00109773, 0.999569, -0.0293492, -0.188597, -0.0286156, -0.981638, -1.26741, 0.692963, 3.2921)
fov = 51.5918

[connection signal="pressed" from="MarginContainer/VBoxContainer/Button" to="." method="_on_button_pressed"]
